Sequences:
[1, 3, 4, 5, 6, 7, 8, 9, 10, 11, 12, 13, 14, 15, 16, 17, 18, 19, 20, 21, 22, 23, 24, 25, 26, 27, 28, 29, 30, 31, 32, 33] 
[2, 4, 5, 6, 7, 8, 9, 10, 11, 12] 
[3, 4, 11, 12, 13, 14, 15] 

Combinations:
[1, 2, 3] 
[1, 2, 4] 
[1, 2, 11] 
[1, 2, 12] 
[1, 2, 13] 
[1, 2, 14] 
[1, 2, 15] 
[1, 4, 3] 
[1, 4, 4] 
[1, 4, 11] 
[1, 4, 12] 
[1, 4, 13] 
[1, 4, 14] 
[1, 4, 15] 
[1, 5, 3] 
[1, 5, 4] 
[1, 5, 11] 
[1, 5, 12] 
[1, 5, 13] 
[1, 5, 14] 
[1, 5, 15] 
[1, 6, 3] 
[1, 6, 4] 
[1, 6, 11] 
[1, 6, 12] 
[1, 6, 13] 
[1, 6, 14] 
[1, 6, 15] 
[1, 7, 3] 
[1, 7, 4] 
[1, 7, 11] 
[1, 7, 12] 
[1, 7, 13] 
[1, 7, 14] 
[1, 7, 15] 
[1, 8, 3] 
[1, 8, 4] 
[1, 8, 11] 
[1, 8, 12] 
[1, 8, 13] 
[1, 8, 14] 
[1, 8, 15] 
[1, 9, 3] 
[1, 9, 4] 
[1, 9, 11] 
[1, 9, 12] 
[1, 9, 13] 
[1, 9, 14] 
[1, 9, 15] 
[1, 10, 3] 
[1, 10, 4] 
[1, 10, 11] 
[1, 10, 12] 
[1, 10, 13] 
[1, 10, 14] 
[1, 10, 15] 
[1, 11, 3] 
[1, 11, 4] 
[1, 11, 11] 
[1, 11, 12] 
[1, 11, 13] 
[1, 11, 14] 
[1, 11, 15] 
[1, 12, 3] 
[1, 12, 4] 
[1, 12, 11] 
[1, 12, 12] 
[1, 12, 13] 
[1, 12, 14] 
[1, 12, 15] 
[3, 2, 3] 
[3, 2, 4] 
[3, 2, 11] 
[3, 2, 12] 
[3, 2, 13] 
[3, 2, 14] 
[3, 2, 15] 
[3, 4, 3] 
[3, 4, 4] 
[3, 4, 11] 
[3, 4, 12] 
[3, 4, 13] 
[3, 4, 14] 
[3, 4, 15] 
[3, 5, 3] 
[3, 5, 4] 
[3, 5, 11] 
[3, 5, 12] 
[3, 5, 13] 
[3, 5, 14] 
[3, 5, 15] 
[3, 6, 3] 
[3, 6, 4] 
[3, 6, 11] 
[3, 6, 12] 
[3, 6, 13] 
[3, 6, 14] 
[3, 6, 15] 
[3, 7, 3] 
[3, 7, 4] 
[3, 7, 11] 
[3, 7, 12] 
[3, 7, 13] 
[3, 7, 14] 
[3, 7, 15] 
[3, 8, 3] 
[3, 8, 4] 
[3, 8, 11] 
[3, 8, 12] 
[3, 8, 13] 
[3, 8, 14] 
[3, 8, 15] 
[3, 9, 3] 
[3, 9, 4] 
[3, 9, 11] 
[3, 9, 12] 
[3, 9, 13] 
[3, 9, 14] 
[3, 9, 15] 
[3, 10, 3] 
[3, 10, 4] 
[3, 10, 11] 
[3, 10, 12] 
[3, 10, 13] 
[3, 10, 14] 
[3, 10, 15] 
[3, 11, 3] 
[3, 11, 4] 
[3, 11, 11] 
[3, 11, 12] 
[3, 11, 13] 
[3, 11, 14] 
[3, 11, 15] 
[3, 12, 3] 
[3, 12, 4] 
[3, 12, 11] 
[3, 12, 12] 
[3, 12, 13] 
[3, 12, 14] 
[3, 12, 15] 
[4, 2, 3] 
[4, 2, 4] 
[4, 2, 11] 
[4, 2, 12] 
[4, 2, 13] 
[4, 2, 14] 
[4, 2, 15] 
[4, 4, 3] 
[4, 4, 4] 
[4, 4, 11] 
[4, 4, 12] 
[4, 4, 13] 
[4, 4, 14] 
[4, 4, 15] 
[4, 5, 3] 
[4, 5, 4] 
[4, 5, 11] 
[4, 5, 12] 
[4, 5, 13] 
[4, 5, 14] 
[4, 5, 15] 
[4, 6, 3] 
[4, 6, 4] 
[4, 6, 11] 
[4, 6, 12] 
[4, 6, 13] 
[4, 6, 14] 
[4, 6, 15] 
[4, 7, 3] 
[4, 7, 4] 
[4, 7, 11] 
[4, 7, 12] 
[4, 7, 13] 
[4, 7, 14] 
[4, 7, 15] 
[4, 8, 3] 
[4, 8, 4] 
[4, 8, 11] 
[4, 8, 12] 
[4, 8, 13] 
[4, 8, 14] 
[4, 8, 15] 
[4, 9, 3] 
[4, 9, 4] 
[4, 9, 11] 
[4, 9, 12] 
[4, 9, 13] 
[4, 9, 14] 
[4, 9, 15] 
[4, 10, 3] 
[4, 10, 4] 
[4, 10, 11] 
[4, 10, 12] 
[4, 10, 13] 
[4, 10, 14] 
[4, 10, 15] 
[4, 11, 3] 
[4, 11, 4] 
[4, 11, 11] 
[4, 11, 12] 
[4, 11, 13] 
[4, 11, 14] 
[4, 11, 15] 
[4, 12, 3] 
[4, 12, 4] 
[4, 12, 11] 
[4, 12, 12] 
[4, 12, 13] 
[4, 12, 14] 
[4, 12, 15] 
[5, 2, 3] 
[5, 2, 4] 
[5, 2, 11] 
[5, 2, 12] 
[5, 2, 13] 
[5, 2, 14] 
[5, 2, 15] 
[5, 4, 3] 
[5, 4, 4] 
[5, 4, 11] 
[5, 4, 12] 
[5, 4, 13] 
[5, 4, 14] 
[5, 4, 15] 
[5, 5, 3] 
[5, 5, 4] 
[5, 5, 11] 
[5, 5, 12] 
[5, 5, 13] 
[5, 5, 14] 
[5, 5, 15] 
[5, 6, 3] 
[5, 6, 4] 
[5, 6, 11] 
[5, 6, 12] 
[5, 6, 13] 
[5, 6, 14] 
[5, 6, 15] 
[5, 7, 3] 
[5, 7, 4] 
[5, 7, 11] 
[5, 7, 12] 
[5, 7, 13] 
[5, 7, 14] 
[5, 7, 15] 
[5, 8, 3] 
[5, 8, 4] 
[5, 8, 11] 
[5, 8, 12] 
[5, 8, 13] 
[5, 8, 14] 
[5, 8, 15] 
[5, 9, 3] 
[5, 9, 4] 
[5, 9, 11] 
[5, 9, 12] 
[5, 9, 13] 
[5, 9, 14] 
[5, 9, 15] 
[5, 10, 3] 
[5, 10, 4] 
[5, 10, 11] 
[5, 10, 12] 
[5, 10, 13] 
[5, 10, 14] 
[5, 10, 15] 
[5, 11, 3] 
[5, 11, 4] 
[5, 11, 11] 
[5, 11, 12] 
[5, 11, 13] 
[5, 11, 14] 
[5, 11, 15] 
[5, 12, 3] 
[5, 12, 4] 
[5, 12, 11] 
[5, 12, 12] 
[5, 12, 13] 
[5, 12, 14] 
[5, 12, 15] 
[6, 2, 3] 
[6, 2, 4] 
[6, 2, 11] 
[6, 2, 12] 
[6, 2, 13] 
[6, 2, 14] 
[6, 2, 15] 
[6, 4, 3] 
[6, 4, 4] 
[6, 4, 11] 
[6, 4, 12] 
[6, 4, 13] 
[6, 4, 14] 
[6, 4, 15] 
[6, 5, 3] 
[6, 5, 4] 
[6, 5, 11] 
[6, 5, 12] 
[6, 5, 13] 
[6, 5, 14] 
[6, 5, 15] 
[6, 6, 3] 
[6, 6, 4] 
[6, 6, 11] 
[6, 6, 12] 
[6, 6, 13] 
[6, 6, 14] 
[6, 6, 15] 
[6, 7, 3] 
[6, 7, 4] 
[6, 7, 11] 
[6, 7, 12] 
[6, 7, 13] 
[6, 7, 14] 
[6, 7, 15] 
[6, 8, 3] 
[6, 8, 4] 
[6, 8, 11] 
[6, 8, 12] 
[6, 8, 13] 
[6, 8, 14] 
[6, 8, 15] 
[6, 9, 3] 
[6, 9, 4] 
[6, 9, 11] 
[6, 9, 12] 
[6, 9, 13] 
[6, 9, 14] 
[6, 9, 15] 
[6, 10, 3] 
[6, 10, 4] 
[6, 10, 11] 
[6, 10, 12] 
[6, 10, 13] 
[6, 10, 14] 
[6, 10, 15] 
[6, 11, 3] 
[6, 11, 4] 
[6, 11, 11] 
[6, 11, 12] 
[6, 11, 13] 
[6, 11, 14] 
[6, 11, 15] 
[6, 12, 3] 
[6, 12, 4] 
[6, 12, 11] 
[6, 12, 12] 
[6, 12, 13] 
[6, 12, 14] 
[6, 12, 15] 
[7, 2, 3] 
[7, 2, 4] 
[7, 2, 11] 
[7, 2, 12] 
[7, 2, 13] 
[7, 2, 14] 
[7, 2, 15] 
[7, 4, 3] 
[7, 4, 4] 
[7, 4, 11] 
[7, 4, 12] 
[7, 4, 13] 
[7, 4, 14] 
[7, 4, 15] 
[7, 5, 3] 
[7, 5, 4] 
[7, 5, 11] 
[7, 5, 12] 
[7, 5, 13] 
[7, 5, 14] 
[7, 5, 15] 
[7, 6, 3] 
[7, 6, 4] 
[7, 6, 11] 
[7, 6, 12] 
[7, 6, 13] 
[7, 6, 14] 
[7, 6, 15] 
[7, 7, 3] 
[7, 7, 4] 
[7, 7, 11] 
[7, 7, 12] 
[7, 7, 13] 
[7, 7, 14] 
[7, 7, 15] 
[7, 8, 3] 
[7, 8, 4] 
[7, 8, 11] 
[7, 8, 12] 
[7, 8, 13] 
[7, 8, 14] 
[7, 8, 15] 
[7, 9, 3] 
[7, 9, 4] 
[7, 9, 11] 
[7, 9, 12] 
[7, 9, 13] 
[7, 9, 14] 
[7, 9, 15] 
[7, 10, 3] 
[7, 10, 4] 
[7, 10, 11] 
[7, 10, 12] 
[7, 10, 13] 
[7, 10, 14] 
[7, 10, 15] 
[7, 11, 3] 
[7, 11, 4] 
[7, 11, 11] 
[7, 11, 12] 
[7, 11, 13] 
[7, 11, 14] 
[7, 11, 15] 
[7, 12, 3] 
[7, 12, 4] 
[7, 12, 11] 
[7, 12, 12] 
[7, 12, 13] 
[7, 12, 14] 
[7, 12, 15] 
[8, 2, 3] 
[8, 2, 4] 
[8, 2, 11] 
[8, 2, 12] 
[8, 2, 13] 
[8, 2, 14] 
[8, 2, 15] 
[8, 4, 3] 
[8, 4, 4] 
[8, 4, 11] 
[8, 4, 12] 
[8, 4, 13] 
[8, 4, 14] 
[8, 4, 15] 
[8, 5, 3] 
[8, 5, 4] 
[8, 5, 11] 
[8, 5, 12] 
[8, 5, 13] 
[8, 5, 14] 
[8, 5, 15] 
[8, 6, 3] 
[8, 6, 4] 
[8, 6, 11] 
[8, 6, 12] 
[8, 6, 13] 
[8, 6, 14] 
[8, 6, 15] 
[8, 7, 3] 
[8, 7, 4] 
[8, 7, 11] 
[8, 7, 12] 
[8, 7, 13] 
[8, 7, 14] 
[8, 7, 15] 
[8, 8, 3] 
[8, 8, 4] 
[8, 8, 11] 
[8, 8, 12] 
[8, 8, 13] 
[8, 8, 14] 
[8, 8, 15] 
[8, 9, 3] 
[8, 9, 4] 
[8, 9, 11] 
[8, 9, 12] 
[8, 9, 13] 
[8, 9, 14] 
[8, 9, 15] 
[8, 10, 3] 
[8, 10, 4] 
[8, 10, 11] 
[8, 10, 12] 
[8, 10, 13] 
[8, 10, 14] 
[8, 10, 15] 
[8, 11, 3] 
[8, 11, 4] 
[8, 11, 11] 
[8, 11, 12] 
[8, 11, 13] 
[8, 11, 14] 
[8, 11, 15] 
[8, 12, 3] 
[8, 12, 4] 
[8, 12, 11] 
[8, 12, 12] 
[8, 12, 13] 
[8, 12, 14] 
[8, 12, 15] 
[9, 2, 3] 
[9, 2, 4] 
[9, 2, 11] 
[9, 2, 12] 
[9, 2, 13] 
[9, 2, 14] 
[9, 2, 15] 
[9, 4, 3] 
[9, 4, 4] 
[9, 4, 11] 
[9, 4, 12] 
[9, 4, 13] 
[9, 4, 14] 
[9, 4, 15] 
[9, 5, 3] 
[9, 5, 4] 
[9, 5, 11] 
[9, 5, 12] 
[9, 5, 13] 
[9, 5, 14] 
[9, 5, 15] 
[9, 6, 3] 
[9, 6, 4] 
[9, 6, 11] 
[9, 6, 12] 
[9, 6, 13] 
[9, 6, 14] 
[9, 6, 15] 
[9, 7, 3] 
[9, 7, 4] 
[9, 7, 11] 
[9, 7, 12] 
[9, 7, 13] 
[9, 7, 14] 
[9, 7, 15] 
[9, 8, 3] 
[9, 8, 4] 
[9, 8, 11] 
[9, 8, 12] 
[9, 8, 13] 
[9, 8, 14] 
[9, 8, 15] 
[9, 9, 3] 
[9, 9, 4] 
[9, 9, 11] 
[9, 9, 12] 
[9, 9, 13] 
[9, 9, 14] 
[9, 9, 15] 
[9, 10, 3] 
[9, 10, 4] 
[9, 10, 11] 
[9, 10, 12] 
[9, 10, 13] 
[9, 10, 14] 
[9, 10, 15] 
[9, 11, 3] 
[9, 11, 4] 
[9, 11, 11] 
[9, 11, 12] 
[9, 11, 13] 
[9, 11, 14] 
[9, 11, 15] 
[9, 12, 3] 
[9, 12, 4] 
[9, 12, 11] 
[9, 12, 12] 
[9, 12, 13] 
[9, 12, 14] 
[9, 12, 15] 
[10, 2, 3] 
[10, 2, 4] 
[10, 2, 11] 
[10, 2, 12] 
[10, 2, 13] 
[10, 2, 14] 
[10, 2, 15] 
[10, 4, 3] 
[10, 4, 4] 
[10, 4, 11] 
[10, 4, 12] 
[10, 4, 13] 
[10, 4, 14] 
[10, 4, 15] 
[10, 5, 3] 
[10, 5, 4] 
[10, 5, 11] 
[10, 5, 12] 
[10, 5, 13] 
[10, 5, 14] 
[10, 5, 15] 
[10, 6, 3] 
[10, 6, 4] 
[10, 6, 11] 
[10, 6, 12] 
[10, 6, 13] 
[10, 6, 14] 
[10, 6, 15] 
[10, 7, 3] 
[10, 7, 4] 
[10, 7, 11] 
[10, 7, 12] 
[10, 7, 13] 
[10, 7, 14] 
[10, 7, 15] 
[10, 8, 3] 
[10, 8, 4] 
[10, 8, 11] 
[10, 8, 12] 
[10, 8, 13] 
[10, 8, 14] 
[10, 8, 15] 
[10, 9, 3] 
[10, 9, 4] 
[10, 9, 11] 
[10, 9, 12] 
[10, 9, 13] 
[10, 9, 14] 
[10, 9, 15] 
[10, 10, 3] 
[10, 10, 4] 
[10, 10, 11] 
[10, 10, 12] 
[10, 10, 13] 
[10, 10, 14] 
[10, 10, 15] 
[10, 11, 3] 
[10, 11, 4] 
[10, 11, 11] 
[10, 11, 12] 
[10, 11, 13] 
[10, 11, 14] 
[10, 11, 15] 
[10, 12, 3] 
[10, 12, 4] 
[10, 12, 11] 
[10, 12, 12] 
[10, 12, 13] 
[10, 12, 14] 
[10, 12, 15] 
[11, 2, 3] 
[11, 2, 4] 
[11, 2, 11] 
[11, 2, 12] 
[11, 2, 13] 
[11, 2, 14] 
[11, 2, 15] 
[11, 4, 3] 
[11, 4, 4] 
[11, 4, 11] 
[11, 4, 12] 
[11, 4, 13] 
[11, 4, 14] 
[11, 4, 15] 
[11, 5, 3] 
[11, 5, 4] 
[11, 5, 11] 
[11, 5, 12] 
[11, 5, 13] 
[11, 5, 14] 
[11, 5, 15] 
[11, 6, 3] 
[11, 6, 4] 
[11, 6, 11] 
[11, 6, 12] 
[11, 6, 13] 
[11, 6, 14] 
[11, 6, 15] 
[11, 7, 3] 
[11, 7, 4] 
[11, 7, 11] 
[11, 7, 12] 
[11, 7, 13] 
[11, 7, 14] 
[11, 7, 15] 
[11, 8, 3] 
[11, 8, 4] 
[11, 8, 11] 
[11, 8, 12] 
[11, 8, 13] 
[11, 8, 14] 
[11, 8, 15] 
[11, 9, 3] 
[11, 9, 4] 
[11, 9, 11] 
[11, 9, 12] 
[11, 9, 13] 
[11, 9, 14] 
[11, 9, 15] 
[11, 10, 3] 
[11, 10, 4] 
[11, 10, 11] 
[11, 10, 12] 
[11, 10, 13] 
[11, 10, 14] 
[11, 10, 15] 
[11, 11, 3] 
[11, 11, 4] 
[11, 11, 11] 
[11, 11, 12] 
[11, 11, 13] 
[11, 11, 14] 
[11, 11, 15] 
[11, 12, 3] 
[11, 12, 4] 
[11, 12, 11] 
[11, 12, 12] 
[11, 12, 13] 
[11, 12, 14] 
[11, 12, 15] 
[12, 2, 3] 
[12, 2, 4] 
[12, 2, 11] 
[12, 2, 12] 
[12, 2, 13] 
[12, 2, 14] 
[12, 2, 15] 
[12, 4, 3] 
[12, 4, 4] 
[12, 4, 11] 
[12, 4, 12] 
[12, 4, 13] 
[12, 4, 14] 
[12, 4, 15] 
[12, 5, 3] 
[12, 5, 4] 
[12, 5, 11] 
[12, 5, 12] 
[12, 5, 13] 
[12, 5, 14] 
[12, 5, 15] 
[12, 6, 3] 
[12, 6, 4] 
[12, 6, 11] 
[12, 6, 12] 
[12, 6, 13] 
[12, 6, 14] 
[12, 6, 15] 
[12, 7, 3] 
[12, 7, 4] 
[12, 7, 11] 
[12, 7, 12] 
[12, 7, 13] 
[12, 7, 14] 
[12, 7, 15] 
[12, 8, 3] 
[12, 8, 4] 
[12, 8, 11] 
[12, 8, 12] 
[12, 8, 13] 
[12, 8, 14] 
[12, 8, 15] 
[12, 9, 3] 
[12, 9, 4] 
[12, 9, 11] 
[12, 9, 12] 
[12, 9, 13] 
[12, 9, 14] 
[12, 9, 15] 
[12, 10, 3] 
[12, 10, 4] 
[12, 10, 11] 
[12, 10, 12] 
[12, 10, 13] 
[12, 10, 14] 
[12, 10, 15] 
[12, 11, 3] 
[12, 11, 4] 
[12, 11, 11] 
[12, 11, 12] 
[12, 11, 13] 
[12, 11, 14] 
[12, 11, 15] 
[12, 12, 3] 
[12, 12, 4] 
[12, 12, 11] 
[12, 12, 12] 
[12, 12, 13] 
[12, 12, 14] 
[12, 12, 15] 
[13, 2, 3] 
[13, 2, 4] 
[13, 2, 11] 
[13, 2, 12] 
[13, 2, 13] 
[13, 2, 14] 
[13, 2, 15] 
[13, 4, 3] 
[13, 4, 4] 
[13, 4, 11] 
[13, 4, 12] 
[13, 4, 13] 
[13, 4, 14] 
[13, 4, 15] 
[13, 5, 3] 
[13, 5, 4] 
[13, 5, 11] 
[13, 5, 12] 
[13, 5, 13] 
[13, 5, 14] 
[13, 5, 15] 
[13, 6, 3] 
[13, 6, 4] 
[13, 6, 11] 
[13, 6, 12] 
[13, 6, 13] 
[13, 6, 14] 
[13, 6, 15] 
[13, 7, 3] 
[13, 7, 4] 
[13, 7, 11] 
[13, 7, 12] 
[13, 7, 13] 
[13, 7, 14] 
[13, 7, 15] 
[13, 8, 3] 
[13, 8, 4] 
[13, 8, 11] 
[13, 8, 12] 
[13, 8, 13] 
[13, 8, 14] 
[13, 8, 15] 
[13, 9, 3] 
[13, 9, 4] 
[13, 9, 11] 
[13, 9, 12] 
[13, 9, 13] 
[13, 9, 14] 
[13, 9, 15] 
[13, 10, 3] 
[13, 10, 4] 
[13, 10, 11] 
[13, 10, 12] 
[13, 10, 13] 
[13, 10, 14] 
[13, 10, 15] 
[13, 11, 3] 
[13, 11, 4] 
[13, 11, 11] 
[13, 11, 12] 
[13, 11, 13] 
[13, 11, 14] 
[13, 11, 15] 
[13, 12, 3] 
[13, 12, 4] 
[13, 12, 11] 
[13, 12, 12] 
[13, 12, 13] 
[13, 12, 14] 
[13, 12, 15] 
[14, 2, 3] 
[14, 2, 4] 
[14, 2, 11] 
[14, 2, 12] 
[14, 2, 13] 
[14, 2, 14] 
[14, 2, 15] 
[14, 4, 3] 
[14, 4, 4] 
[14, 4, 11] 
[14, 4, 12] 
[14, 4, 13] 
[14, 4, 14] 
[14, 4, 15] 
[14, 5, 3] 
[14, 5, 4] 
[14, 5, 11] 
[14, 5, 12] 
[14, 5, 13] 
[14, 5, 14] 
[14, 5, 15] 
[14, 6, 3] 
[14, 6, 4] 
[14, 6, 11] 
[14, 6, 12] 
[14, 6, 13] 
[14, 6, 14] 
[14, 6, 15] 
[14, 7, 3] 
[14, 7, 4] 
[14, 7, 11] 
[14, 7, 12] 
[14, 7, 13] 
[14, 7, 14] 
[14, 7, 15] 
[14, 8, 3] 
[14, 8, 4] 
[14, 8, 11] 
[14, 8, 12] 
[14, 8, 13] 
[14, 8, 14] 
[14, 8, 15] 
[14, 9, 3] 
[14, 9, 4] 
[14, 9, 11] 
[14, 9, 12] 
[14, 9, 13] 
[14, 9, 14] 
[14, 9, 15] 
[14, 10, 3] 
[14, 10, 4] 
[14, 10, 11] 
[14, 10, 12] 
[14, 10, 13] 
[14, 10, 14] 
[14, 10, 15] 
[14, 11, 3] 
[14, 11, 4] 
[14, 11, 11] 
[14, 11, 12] 
[14, 11, 13] 
[14, 11, 14] 
[14, 11, 15] 
[14, 12, 3] 
[14, 12, 4] 
[14, 12, 11] 
[14, 12, 12] 
[14, 12, 13] 
[14, 12, 14] 
[14, 12, 15] 
[15, 2, 3] 
[15, 2, 4] 
[15, 2, 11] 
[15, 2, 12] 
[15, 2, 13] 
[15, 2, 14] 
[15, 2, 15] 
[15, 4, 3] 
[15, 4, 4] 
[15, 4, 11] 
[15, 4, 12] 
[15, 4, 13] 
[15, 4, 14] 
[15, 4, 15] 
[15, 5, 3] 
[15, 5, 4] 
[15, 5, 11] 
[15, 5, 12] 
[15, 5, 13] 
[15, 5, 14] 
[15, 5, 15] 
[15, 6, 3] 
[15, 6, 4] 
[15, 6, 11] 
[15, 6, 12] 
[15, 6, 13] 
[15, 6, 14] 
[15, 6, 15] 
[15, 7, 3] 
[15, 7, 4] 
[15, 7, 11] 
[15, 7, 12] 
[15, 7, 13] 
[15, 7, 14] 
[15, 7, 15] 
[15, 8, 3] 
[15, 8, 4] 
[15, 8, 11] 
[15, 8, 12] 
[15, 8, 13] 
[15, 8, 14] 
[15, 8, 15] 
[15, 9, 3] 
[15, 9, 4] 
[15, 9, 11] 
[15, 9, 12] 
[15, 9, 13] 
[15, 9, 14] 
[15, 9, 15] 
[15, 10, 3] 
[15, 10, 4] 
[15, 10, 11] 
[15, 10, 12] 
[15, 10, 13] 
[15, 10, 14] 
[15, 10, 15] 
[15, 11, 3] 
[15, 11, 4] 
[15, 11, 11] 
[15, 11, 12] 
[15, 11, 13] 
[15, 11, 14] 
[15, 11, 15] 
[15, 12, 3] 
[15, 12, 4] 
[15, 12, 11] 
[15, 12, 12] 
[15, 12, 13] 
[15, 12, 14] 
[15, 12, 15] 
[16, 2, 3] 
[16, 2, 4] 
[16, 2, 11] 
[16, 2, 12] 
[16, 2, 13] 
[16, 2, 14] 
[16, 2, 15] 
[16, 4, 3] 
[16, 4, 4] 
[16, 4, 11] 
[16, 4, 12] 
[16, 4, 13] 
[16, 4, 14] 
[16, 4, 15] 
[16, 5, 3] 
[16, 5, 4] 
[16, 5, 11] 
[16, 5, 12] 
[16, 5, 13] 
[16, 5, 14] 
[16, 5, 15] 
[16, 6, 3] 
[16, 6, 4] 
[16, 6, 11] 
[16, 6, 12] 
[16, 6, 13] 
[16, 6, 14] 
[16, 6, 15] 
[16, 7, 3] 
[16, 7, 4] 
[16, 7, 11] 
[16, 7, 12] 
[16, 7, 13] 
[16, 7, 14] 
[16, 7, 15] 
[16, 8, 3] 
[16, 8, 4] 
[16, 8, 11] 
[16, 8, 12] 
[16, 8, 13] 
[16, 8, 14] 
[16, 8, 15] 
[16, 9, 3] 
[16, 9, 4] 
[16, 9, 11] 
[16, 9, 12] 
[16, 9, 13] 
[16, 9, 14] 
[16, 9, 15] 
[16, 10, 3] 
[16, 10, 4] 
[16, 10, 11] 
[16, 10, 12] 
[16, 10, 13] 
[16, 10, 14] 
[16, 10, 15] 
[16, 11, 3] 
[16, 11, 4] 
[16, 11, 11] 
[16, 11, 12] 
[16, 11, 13] 
[16, 11, 14] 
[16, 11, 15] 
[16, 12, 3] 
[16, 12, 4] 
[16, 12, 11] 
[16, 12, 12] 
[16, 12, 13] 
[16, 12, 14] 
[16, 12, 15] 
[17, 2, 3] 
[17, 2, 4] 
[17, 2, 11] 
[17, 2, 12] 
[17, 2, 13] 
[17, 2, 14] 
[17, 2, 15] 
[17, 4, 3] 
[17, 4, 4] 
[17, 4, 11] 
[17, 4, 12] 
[17, 4, 13] 
[17, 4, 14] 
[17, 4, 15] 
[17, 5, 3] 
[17, 5, 4] 
[17, 5, 11] 
[17, 5, 12] 
[17, 5, 13] 
[17, 5, 14] 
[17, 5, 15] 
[17, 6, 3] 
[17, 6, 4] 
[17, 6, 11] 
[17, 6, 12] 
[17, 6, 13] 
[17, 6, 14] 
[17, 6, 15] 
[17, 7, 3] 
[17, 7, 4] 
[17, 7, 11] 
[17, 7, 12] 
[17, 7, 13] 
[17, 7, 14] 
[17, 7, 15] 
[17, 8, 3] 
[17, 8, 4] 
[17, 8, 11] 
[17, 8, 12] 
[17, 8, 13] 
[17, 8, 14] 
[17, 8, 15] 
[17, 9, 3] 
[17, 9, 4] 
[17, 9, 11] 
[17, 9, 12] 
[17, 9, 13] 
[17, 9, 14] 
[17, 9, 15] 
[17, 10, 3] 
[17, 10, 4] 
[17, 10, 11] 
[17, 10, 12] 
[17, 10, 13] 
[17, 10, 14] 
[17, 10, 15] 
[17, 11, 3] 
[17, 11, 4] 
[17, 11, 11] 
[17, 11, 12] 
[17, 11, 13] 
[17, 11, 14] 
[17, 11, 15] 
[17, 12, 3] 
[17, 12, 4] 
[17, 12, 11] 
[17, 12, 12] 
[17, 12, 13] 
[17, 12, 14] 
[17, 12, 15] 
[18, 2, 3] 
[18, 2, 4] 
[18, 2, 11] 
[18, 2, 12] 
[18, 2, 13] 
[18, 2, 14] 
[18, 2, 15] 
[18, 4, 3] 
[18, 4, 4] 
[18, 4, 11] 
[18, 4, 12] 
[18, 4, 13] 
[18, 4, 14] 
[18, 4, 15] 
[18, 5, 3] 
[18, 5, 4] 
[18, 5, 11] 
[18, 5, 12] 
[18, 5, 13] 
[18, 5, 14] 
[18, 5, 15] 
[18, 6, 3] 
[18, 6, 4] 
[18, 6, 11] 
[18, 6, 12] 
[18, 6, 13] 
[18, 6, 14] 
[18, 6, 15] 
[18, 7, 3] 
[18, 7, 4] 
[18, 7, 11] 
[18, 7, 12] 
[18, 7, 13] 
[18, 7, 14] 
[18, 7, 15] 
[18, 8, 3] 
[18, 8, 4] 
[18, 8, 11] 
[18, 8, 12] 
[18, 8, 13] 
[18, 8, 14] 
[18, 8, 15] 
[18, 9, 3] 
[18, 9, 4] 
[18, 9, 11] 
[18, 9, 12] 
[18, 9, 13] 
[18, 9, 14] 
[18, 9, 15] 
[18, 10, 3] 
[18, 10, 4] 
[18, 10, 11] 
[18, 10, 12] 
[18, 10, 13] 
[18, 10, 14] 
[18, 10, 15] 
[18, 11, 3] 
[18, 11, 4] 
[18, 11, 11] 
[18, 11, 12] 
[18, 11, 13] 
[18, 11, 14] 
[18, 11, 15] 
[18, 12, 3] 
[18, 12, 4] 
[18, 12, 11] 
[18, 12, 12] 
[18, 12, 13] 
[18, 12, 14] 
[18, 12, 15] 
[19, 2, 3] 
[19, 2, 4] 
[19, 2, 11] 
[19, 2, 12] 
[19, 2, 13] 
[19, 2, 14] 
[19, 2, 15] 
[19, 4, 3] 
[19, 4, 4] 
[19, 4, 11] 
[19, 4, 12] 
[19, 4, 13] 
[19, 4, 14] 
[19, 4, 15] 
[19, 5, 3] 
[19, 5, 4] 
[19, 5, 11] 
[19, 5, 12] 
[19, 5, 13] 
[19, 5, 14] 
[19, 5, 15] 
[19, 6, 3] 
[19, 6, 4] 
[19, 6, 11] 
[19, 6, 12] 
[19, 6, 13] 
[19, 6, 14] 
[19, 6, 15] 
[19, 7, 3] 
[19, 7, 4] 
[19, 7, 11] 
[19, 7, 12] 
[19, 7, 13] 
[19, 7, 14] 
[19, 7, 15] 
[19, 8, 3] 
[19, 8, 4] 
[19, 8, 11] 
[19, 8, 12] 
[19, 8, 13] 
[19, 8, 14] 
[19, 8, 15] 
[19, 9, 3] 
[19, 9, 4] 
[19, 9, 11] 
[19, 9, 12] 
[19, 9, 13] 
[19, 9, 14] 
[19, 9, 15] 
[19, 10, 3] 
[19, 10, 4] 
[19, 10, 11] 
[19, 10, 12] 
[19, 10, 13] 
[19, 10, 14] 
[19, 10, 15] 
[19, 11, 3] 
[19, 11, 4] 
[19, 11, 11] 
[19, 11, 12] 
[19, 11, 13] 
[19, 11, 14] 
[19, 11, 15] 
[19, 12, 3] 
[19, 12, 4] 
[19, 12, 11] 
[19, 12, 12] 
[19, 12, 13] 
[19, 12, 14] 
[19, 12, 15] 
[20, 2, 3] 
[20, 2, 4] 
[20, 2, 11] 
[20, 2, 12] 
[20, 2, 13] 
[20, 2, 14] 
[20, 2, 15] 
[20, 4, 3] 
[20, 4, 4] 
[20, 4, 11] 
[20, 4, 12] 
[20, 4, 13] 
[20, 4, 14] 
[20, 4, 15] 
[20, 5, 3] 
[20, 5, 4] 
[20, 5, 11] 
[20, 5, 12] 
[20, 5, 13] 
[20, 5, 14] 
[20, 5, 15] 
[20, 6, 3] 
[20, 6, 4] 
[20, 6, 11] 
[20, 6, 12] 
[20, 6, 13] 
[20, 6, 14] 
[20, 6, 15] 
[20, 7, 3] 
[20, 7, 4] 
[20, 7, 11] 
[20, 7, 12] 
[20, 7, 13] 
[20, 7, 14] 
[20, 7, 15] 
[20, 8, 3] 
[20, 8, 4] 
[20, 8, 11] 
[20, 8, 12] 
[20, 8, 13] 
[20, 8, 14] 
[20, 8, 15] 
[20, 9, 3] 
[20, 9, 4] 
[20, 9, 11] 
[20, 9, 12] 
[20, 9, 13] 
[20, 9, 14] 
[20, 9, 15] 
[20, 10, 3] 
[20, 10, 4] 
[20, 10, 11] 
[20, 10, 12] 
[20, 10, 13] 
[20, 10, 14] 
[20, 10, 15] 
[20, 11, 3] 
[20, 11, 4] 
[20, 11, 11] 
[20, 11, 12] 
[20, 11, 13] 
[20, 11, 14] 
[20, 11, 15] 
[20, 12, 3] 
[20, 12, 4] 
[20, 12, 11] 
[20, 12, 12] 
[20, 12, 13] 
[20, 12, 14] 
[20, 12, 15] 
[21, 2, 3] 
[21, 2, 4] 
[21, 2, 11] 
[21, 2, 12] 
[21, 2, 13] 
[21, 2, 14] 
[21, 2, 15] 
[21, 4, 3] 
[21, 4, 4] 
[21, 4, 11] 
[21, 4, 12] 
[21, 4, 13] 
[21, 4, 14] 
[21, 4, 15] 
[21, 5, 3] 
[21, 5, 4] 
[21, 5, 11] 
[21, 5, 12] 
[21, 5, 13] 
[21, 5, 14] 
[21, 5, 15] 
[21, 6, 3] 
[21, 6, 4] 
[21, 6, 11] 
[21, 6, 12] 
[21, 6, 13] 
[21, 6, 14] 
[21, 6, 15] 
[21, 7, 3] 
[21, 7, 4] 
[21, 7, 11] 
[21, 7, 12] 
[21, 7, 13] 
[21, 7, 14] 
[21, 7, 15] 
[21, 8, 3] 
[21, 8, 4] 
[21, 8, 11] 
[21, 8, 12] 
[21, 8, 13] 
[21, 8, 14] 
[21, 8, 15] 
[21, 9, 3] 
[21, 9, 4] 
[21, 9, 11] 
[21, 9, 12] 
[21, 9, 13] 
[21, 9, 14] 
[21, 9, 15] 
[21, 10, 3] 
[21, 10, 4] 
[21, 10, 11] 
[21, 10, 12] 
[21, 10, 13] 
[21, 10, 14] 
[21, 10, 15] 
[21, 11, 3] 
[21, 11, 4] 
[21, 11, 11] 
[21, 11, 12] 
[21, 11, 13] 
[21, 11, 14] 
[21, 11, 15] 
[21, 12, 3] 
[21, 12, 4] 
[21, 12, 11] 
[21, 12, 12] 
[21, 12, 13] 
[21, 12, 14] 
[21, 12, 15] 
[22, 2, 3] 
[22, 2, 4] 
[22, 2, 11] 
[22, 2, 12] 
[22, 2, 13] 
[22, 2, 14] 
[22, 2, 15] 
[22, 4, 3] 
[22, 4, 4] 
[22, 4, 11] 
[22, 4, 12] 
[22, 4, 13] 
[22, 4, 14] 
[22, 4, 15] 
[22, 5, 3] 
[22, 5, 4] 
[22, 5, 11] 
[22, 5, 12] 
[22, 5, 13] 
[22, 5, 14] 
[22, 5, 15] 
[22, 6, 3] 
[22, 6, 4] 
[22, 6, 11] 
[22, 6, 12] 
[22, 6, 13] 
[22, 6, 14] 
[22, 6, 15] 
[22, 7, 3] 
[22, 7, 4] 
[22, 7, 11] 
[22, 7, 12] 
[22, 7, 13] 
[22, 7, 14] 
[22, 7, 15] 
[22, 8, 3] 
[22, 8, 4] 
[22, 8, 11] 
[22, 8, 12] 
[22, 8, 13] 
[22, 8, 14] 
[22, 8, 15] 
[22, 9, 3] 
[22, 9, 4] 
[22, 9, 11] 
[22, 9, 12] 
[22, 9, 13] 
[22, 9, 14] 
[22, 9, 15] 
[22, 10, 3] 
[22, 10, 4] 
[22, 10, 11] 
[22, 10, 12] 
[22, 10, 13] 
[22, 10, 14] 
[22, 10, 15] 
[22, 11, 3] 
[22, 11, 4] 
[22, 11, 11] 
[22, 11, 12] 
[22, 11, 13] 
[22, 11, 14] 
[22, 11, 15] 
[22, 12, 3] 
[22, 12, 4] 
[22, 12, 11] 
[22, 12, 12] 
[22, 12, 13] 
[22, 12, 14] 
[22, 12, 15] 
[23, 2, 3] 
[23, 2, 4] 
[23, 2, 11] 
[23, 2, 12] 
[23, 2, 13] 
[23, 2, 14] 
[23, 2, 15] 
[23, 4, 3] 
[23, 4, 4] 
[23, 4, 11] 
[23, 4, 12] 
[23, 4, 13] 
[23, 4, 14] 
[23, 4, 15] 
[23, 5, 3] 
[23, 5, 4] 
[23, 5, 11] 
[23, 5, 12] 
[23, 5, 13] 
[23, 5, 14] 
[23, 5, 15] 
[23, 6, 3] 
[23, 6, 4] 
[23, 6, 11] 
[23, 6, 12] 
[23, 6, 13] 
[23, 6, 14] 
[23, 6, 15] 
[23, 7, 3] 
[23, 7, 4] 
[23, 7, 11] 
[23, 7, 12] 
[23, 7, 13] 
[23, 7, 14] 
[23, 7, 15] 
[23, 8, 3] 
[23, 8, 4] 
[23, 8, 11] 
[23, 8, 12] 
[23, 8, 13] 
[23, 8, 14] 
[23, 8, 15] 
[23, 9, 3] 
[23, 9, 4] 
[23, 9, 11] 
[23, 9, 12] 
[23, 9, 13] 
[23, 9, 14] 
[23, 9, 15] 
[23, 10, 3] 
[23, 10, 4] 
[23, 10, 11] 
[23, 10, 12] 
[23, 10, 13] 
[23, 10, 14] 
[23, 10, 15] 
[23, 11, 3] 
[23, 11, 4] 
[23, 11, 11] 
[23, 11, 12] 
[23, 11, 13] 
[23, 11, 14] 
[23, 11, 15] 
[23, 12, 3] 
[23, 12, 4] 
[23, 12, 11] 
[23, 12, 12] 
[23, 12, 13] 
[23, 12, 14] 
[23, 12, 15] 
[24, 2, 3] 
[24, 2, 4] 
[24, 2, 11] 
[24, 2, 12] 
[24, 2, 13] 
[24, 2, 14] 
[24, 2, 15] 
[24, 4, 3] 
[24, 4, 4] 
[24, 4, 11] 
[24, 4, 12] 
[24, 4, 13] 
[24, 4, 14] 
[24, 4, 15] 
[24, 5, 3] 
[24, 5, 4] 
[24, 5, 11] 
[24, 5, 12] 
[24, 5, 13] 
[24, 5, 14] 
[24, 5, 15] 
[24, 6, 3] 
[24, 6, 4] 
[24, 6, 11] 
[24, 6, 12] 
[24, 6, 13] 
[24, 6, 14] 
[24, 6, 15] 
[24, 7, 3] 
[24, 7, 4] 
[24, 7, 11] 
[24, 7, 12] 
[24, 7, 13] 
[24, 7, 14] 
[24, 7, 15] 
[24, 8, 3] 
[24, 8, 4] 
[24, 8, 11] 
[24, 8, 12] 
[24, 8, 13] 
[24, 8, 14] 
[24, 8, 15] 
[24, 9, 3] 
[24, 9, 4] 
[24, 9, 11] 
[24, 9, 12] 
[24, 9, 13] 
[24, 9, 14] 
[24, 9, 15] 
[24, 10, 3] 
[24, 10, 4] 
[24, 10, 11] 
[24, 10, 12] 
[24, 10, 13] 
[24, 10, 14] 
[24, 10, 15] 
[24, 11, 3] 
[24, 11, 4] 
[24, 11, 11] 
[24, 11, 12] 
[24, 11, 13] 
[24, 11, 14] 
[24, 11, 15] 
[24, 12, 3] 
[24, 12, 4] 
[24, 12, 11] 
[24, 12, 12] 
[24, 12, 13] 
[24, 12, 14] 
[24, 12, 15] 
[25, 2, 3] 
[25, 2, 4] 
[25, 2, 11] 
[25, 2, 12] 
[25, 2, 13] 
[25, 2, 14] 
[25, 2, 15] 
[25, 4, 3] 
[25, 4, 4] 
[25, 4, 11] 
[25, 4, 12] 
[25, 4, 13] 
[25, 4, 14] 
[25, 4, 15] 
[25, 5, 3] 
[25, 5, 4] 
[25, 5, 11] 
[25, 5, 12] 
[25, 5, 13] 
[25, 5, 14] 
[25, 5, 15] 
[25, 6, 3] 
[25, 6, 4] 
[25, 6, 11] 
[25, 6, 12] 
[25, 6, 13] 
[25, 6, 14] 
[25, 6, 15] 
[25, 7, 3] 
[25, 7, 4] 
[25, 7, 11] 
[25, 7, 12] 
[25, 7, 13] 
[25, 7, 14] 
[25, 7, 15] 
[25, 8, 3] 
[25, 8, 4] 
[25, 8, 11] 
[25, 8, 12] 
[25, 8, 13] 
[25, 8, 14] 
[25, 8, 15] 
[25, 9, 3] 
[25, 9, 4] 
[25, 9, 11] 
[25, 9, 12] 
[25, 9, 13] 
[25, 9, 14] 
[25, 9, 15] 
[25, 10, 3] 
[25, 10, 4] 
[25, 10, 11] 
[25, 10, 12] 
[25, 10, 13] 
[25, 10, 14] 
[25, 10, 15] 
[25, 11, 3] 
[25, 11, 4] 
[25, 11, 11] 
[25, 11, 12] 
[25, 11, 13] 
[25, 11, 14] 
[25, 11, 15] 
[25, 12, 3] 
[25, 12, 4] 
[25, 12, 11] 
[25, 12, 12] 
[25, 12, 13] 
[25, 12, 14] 
[25, 12, 15] 
[26, 2, 3] 
[26, 2, 4] 
[26, 2, 11] 
[26, 2, 12] 
[26, 2, 13] 
[26, 2, 14] 
[26, 2, 15] 
[26, 4, 3] 
[26, 4, 4] 
[26, 4, 11] 
[26, 4, 12] 
[26, 4, 13] 
[26, 4, 14] 
[26, 4, 15] 
[26, 5, 3] 
[26, 5, 4] 
[26, 5, 11] 
[26, 5, 12] 
[26, 5, 13] 
[26, 5, 14] 
[26, 5, 15] 
[26, 6, 3] 
[26, 6, 4] 
[26, 6, 11] 
[26, 6, 12] 
[26, 6, 13] 
[26, 6, 14] 
[26, 6, 15] 
[26, 7, 3] 
[26, 7, 4] 
[26, 7, 11] 
[26, 7, 12] 
[26, 7, 13] 
[26, 7, 14] 
[26, 7, 15] 
[26, 8, 3] 
[26, 8, 4] 
[26, 8, 11] 
[26, 8, 12] 
[26, 8, 13] 
[26, 8, 14] 
[26, 8, 15] 
[26, 9, 3] 
[26, 9, 4] 
[26, 9, 11] 
[26, 9, 12] 
[26, 9, 13] 
[26, 9, 14] 
[26, 9, 15] 
[26, 10, 3] 
[26, 10, 4] 
[26, 10, 11] 
[26, 10, 12] 
[26, 10, 13] 
[26, 10, 14] 
[26, 10, 15] 
[26, 11, 3] 
[26, 11, 4] 
[26, 11, 11] 
[26, 11, 12] 
[26, 11, 13] 
[26, 11, 14] 
[26, 11, 15] 
[26, 12, 3] 
[26, 12, 4] 
[26, 12, 11] 
[26, 12, 12] 
[26, 12, 13] 
[26, 12, 14] 
[26, 12, 15] 
[27, 2, 3] 
[27, 2, 4] 
[27, 2, 11] 
[27, 2, 12] 
[27, 2, 13] 
[27, 2, 14] 
[27, 2, 15] 
[27, 4, 3] 
[27, 4, 4] 
[27, 4, 11] 
[27, 4, 12] 
[27, 4, 13] 
[27, 4, 14] 
[27, 4, 15] 
[27, 5, 3] 
[27, 5, 4] 
[27, 5, 11] 
[27, 5, 12] 
[27, 5, 13] 
[27, 5, 14] 
[27, 5, 15] 
[27, 6, 3] 
[27, 6, 4] 
[27, 6, 11] 
[27, 6, 12] 
[27, 6, 13] 
[27, 6, 14] 
[27, 6, 15] 
[27, 7, 3] 
[27, 7, 4] 
[27, 7, 11] 
[27, 7, 12] 
[27, 7, 13] 
[27, 7, 14] 
[27, 7, 15] 
[27, 8, 3] 
[27, 8, 4] 
[27, 8, 11] 
[27, 8, 12] 
[27, 8, 13] 
[27, 8, 14] 
[27, 8, 15] 
[27, 9, 3] 
[27, 9, 4] 
[27, 9, 11] 
[27, 9, 12] 
[27, 9, 13] 
[27, 9, 14] 
[27, 9, 15] 
[27, 10, 3] 
[27, 10, 4] 
[27, 10, 11] 
[27, 10, 12] 
[27, 10, 13] 
[27, 10, 14] 
[27, 10, 15] 
[27, 11, 3] 
[27, 11, 4] 
[27, 11, 11] 
[27, 11, 12] 
[27, 11, 13] 
[27, 11, 14] 
[27, 11, 15] 
[27, 12, 3] 
[27, 12, 4] 
[27, 12, 11] 
[27, 12, 12] 
[27, 12, 13] 
[27, 12, 14] 
[27, 12, 15] 
[28, 2, 3] 
[28, 2, 4] 
[28, 2, 11] 
[28, 2, 12] 
[28, 2, 13] 
[28, 2, 14] 
[28, 2, 15] 
[28, 4, 3] 
[28, 4, 4] 
[28, 4, 11] 
[28, 4, 12] 
[28, 4, 13] 
[28, 4, 14] 
[28, 4, 15] 
[28, 5, 3] 
[28, 5, 4] 
[28, 5, 11] 
[28, 5, 12] 
[28, 5, 13] 
[28, 5, 14] 
[28, 5, 15] 
[28, 6, 3] 
[28, 6, 4] 
[28, 6, 11] 
[28, 6, 12] 
[28, 6, 13] 
[28, 6, 14] 
[28, 6, 15] 
[28, 7, 3] 
[28, 7, 4] 
[28, 7, 11] 
[28, 7, 12] 
[28, 7, 13] 
[28, 7, 14] 
[28, 7, 15] 
[28, 8, 3] 
[28, 8, 4] 
[28, 8, 11] 
[28, 8, 12] 
[28, 8, 13] 
[28, 8, 14] 
[28, 8, 15] 
[28, 9, 3] 
[28, 9, 4] 
[28, 9, 11] 
[28, 9, 12] 
[28, 9, 13] 
[28, 9, 14] 
[28, 9, 15] 
[28, 10, 3] 
[28, 10, 4] 
[28, 10, 11] 
[28, 10, 12] 
[28, 10, 13] 
[28, 10, 14] 
[28, 10, 15] 
[28, 11, 3] 
[28, 11, 4] 
[28, 11, 11] 
[28, 11, 12] 
[28, 11, 13] 
[28, 11, 14] 
[28, 11, 15] 
[28, 12, 3] 
[28, 12, 4] 
[28, 12, 11] 
[28, 12, 12] 
[28, 12, 13] 
[28, 12, 14] 
[28, 12, 15] 
[29, 2, 3] 
[29, 2, 4] 
[29, 2, 11] 
[29, 2, 12] 
[29, 2, 13] 
[29, 2, 14] 
[29, 2, 15] 
[29, 4, 3] 
[29, 4, 4] 
[29, 4, 11] 
[29, 4, 12] 
[29, 4, 13] 
[29, 4, 14] 
[29, 4, 15] 
[29, 5, 3] 
[29, 5, 4] 
[29, 5, 11] 
[29, 5, 12] 
[29, 5, 13] 
[29, 5, 14] 
[29, 5, 15] 
[29, 6, 3] 
[29, 6, 4] 
[29, 6, 11] 
[29, 6, 12] 
[29, 6, 13] 
[29, 6, 14] 
[29, 6, 15] 
[29, 7, 3] 
[29, 7, 4] 
[29, 7, 11] 
[29, 7, 12] 
[29, 7, 13] 
[29, 7, 14] 
[29, 7, 15] 
[29, 8, 3] 
[29, 8, 4] 
[29, 8, 11] 
[29, 8, 12] 
[29, 8, 13] 
[29, 8, 14] 
[29, 8, 15] 
[29, 9, 3] 
[29, 9, 4] 
[29, 9, 11] 
[29, 9, 12] 
[29, 9, 13] 
[29, 9, 14] 
[29, 9, 15] 
[29, 10, 3] 
[29, 10, 4] 
[29, 10, 11] 
[29, 10, 12] 
[29, 10, 13] 
[29, 10, 14] 
[29, 10, 15] 
[29, 11, 3] 
[29, 11, 4] 
[29, 11, 11] 
[29, 11, 12] 
[29, 11, 13] 
[29, 11, 14] 
[29, 11, 15] 
[29, 12, 3] 
[29, 12, 4] 
[29, 12, 11] 
[29, 12, 12] 
[29, 12, 13] 
[29, 12, 14] 
[29, 12, 15] 
[30, 2, 3] 
[30, 2, 4] 
[30, 2, 11] 
[30, 2, 12] 
[30, 2, 13] 
[30, 2, 14] 
[30, 2, 15] 
[30, 4, 3] 
[30, 4, 4] 
[30, 4, 11] 
[30, 4, 12] 
[30, 4, 13] 
[30, 4, 14] 
[30, 4, 15] 
[30, 5, 3] 
[30, 5, 4] 
[30, 5, 11] 
[30, 5, 12] 
[30, 5, 13] 
[30, 5, 14] 
[30, 5, 15] 
[30, 6, 3] 
[30, 6, 4] 
[30, 6, 11] 
[30, 6, 12] 
[30, 6, 13] 
[30, 6, 14] 
[30, 6, 15] 
[30, 7, 3] 
[30, 7, 4] 
[30, 7, 11] 
[30, 7, 12] 
[30, 7, 13] 
[30, 7, 14] 
[30, 7, 15] 
[30, 8, 3] 
[30, 8, 4] 
[30, 8, 11] 
[30, 8, 12] 
[30, 8, 13] 
[30, 8, 14] 
[30, 8, 15] 
[30, 9, 3] 
[30, 9, 4] 
[30, 9, 11] 
[30, 9, 12] 
[30, 9, 13] 
[30, 9, 14] 
[30, 9, 15] 
[30, 10, 3] 
[30, 10, 4] 
[30, 10, 11] 
[30, 10, 12] 
[30, 10, 13] 
[30, 10, 14] 
[30, 10, 15] 
[30, 11, 3] 
[30, 11, 4] 
[30, 11, 11] 
[30, 11, 12] 
[30, 11, 13] 
[30, 11, 14] 
[30, 11, 15] 
[30, 12, 3] 
[30, 12, 4] 
[30, 12, 11] 
[30, 12, 12] 
[30, 12, 13] 
[30, 12, 14] 
[30, 12, 15] 
[31, 2, 3] 
[31, 2, 4] 
[31, 2, 11] 
[31, 2, 12] 
[31, 2, 13] 
[31, 2, 14] 
[31, 2, 15] 
[31, 4, 3] 
[31, 4, 4] 
[31, 4, 11] 
[31, 4, 12] 
[31, 4, 13] 
[31, 4, 14] 
[31, 4, 15] 
[31, 5, 3] 
[31, 5, 4] 
[31, 5, 11] 
[31, 5, 12] 
[31, 5, 13] 
[31, 5, 14] 
[31, 5, 15] 
[31, 6, 3] 
[31, 6, 4] 
[31, 6, 11] 
[31, 6, 12] 
[31, 6, 13] 
[31, 6, 14] 
[31, 6, 15] 
[31, 7, 3] 
[31, 7, 4] 
[31, 7, 11] 
[31, 7, 12] 
[31, 7, 13] 
[31, 7, 14] 
[31, 7, 15] 
[31, 8, 3] 
[31, 8, 4] 
[31, 8, 11] 
[31, 8, 12] 
[31, 8, 13] 
[31, 8, 14] 
[31, 8, 15] 
[31, 9, 3] 
[31, 9, 4] 
[31, 9, 11] 
[31, 9, 12] 
[31, 9, 13] 
[31, 9, 14] 
[31, 9, 15] 
[31, 10, 3] 
[31, 10, 4] 
[31, 10, 11] 
[31, 10, 12] 
[31, 10, 13] 
[31, 10, 14] 
[31, 10, 15] 
[31, 11, 3] 
[31, 11, 4] 
[31, 11, 11] 
[31, 11, 12] 
[31, 11, 13] 
[31, 11, 14] 
[31, 11, 15] 
[31, 12, 3] 
[31, 12, 4] 
[31, 12, 11] 
[31, 12, 12] 
[31, 12, 13] 
[31, 12, 14] 
[31, 12, 15] 
[32, 2, 3] 
[32, 2, 4] 
[32, 2, 11] 
[32, 2, 12] 
[32, 2, 13] 
[32, 2, 14] 
[32, 2, 15] 
[32, 4, 3] 
[32, 4, 4] 
[32, 4, 11] 
[32, 4, 12] 
[32, 4, 13] 
[32, 4, 14] 
[32, 4, 15] 
[32, 5, 3] 
[32, 5, 4] 
[32, 5, 11] 
[32, 5, 12] 
[32, 5, 13] 
[32, 5, 14] 
[32, 5, 15] 
[32, 6, 3] 
[32, 6, 4] 
[32, 6, 11] 
[32, 6, 12] 
[32, 6, 13] 
[32, 6, 14] 
[32, 6, 15] 
[32, 7, 3] 
[32, 7, 4] 
[32, 7, 11] 
[32, 7, 12] 
[32, 7, 13] 
[32, 7, 14] 
[32, 7, 15] 
[32, 8, 3] 
[32, 8, 4] 
[32, 8, 11] 
[32, 8, 12] 
[32, 8, 13] 
[32, 8, 14] 
[32, 8, 15] 
[32, 9, 3] 
[32, 9, 4] 
[32, 9, 11] 
[32, 9, 12] 
[32, 9, 13] 
[32, 9, 14] 
[32, 9, 15] 
[32, 10, 3] 
[32, 10, 4] 
[32, 10, 11] 
[32, 10, 12] 
[32, 10, 13] 
[32, 10, 14] 
[32, 10, 15] 
[32, 11, 3] 
[32, 11, 4] 
[32, 11, 11] 
[32, 11, 12] 
[32, 11, 13] 
[32, 11, 14] 
[32, 11, 15] 
[32, 12, 3] 
[32, 12, 4] 
[32, 12, 11] 
[32, 12, 12] 
[32, 12, 13] 
[32, 12, 14] 
[32, 12, 15] 
[33, 2, 3] 
[33, 2, 4] 
[33, 2, 11] 
[33, 2, 12] 
[33, 2, 13] 
[33, 2, 14] 
[33, 2, 15] 
[33, 4, 3] 
[33, 4, 4] 
[33, 4, 11] 
[33, 4, 12] 
[33, 4, 13] 
[33, 4, 14] 
[33, 4, 15] 
[33, 5, 3] 
[33, 5, 4] 
[33, 5, 11] 
[33, 5, 12] 
[33, 5, 13] 
[33, 5, 14] 
[33, 5, 15] 
[33, 6, 3] 
[33, 6, 4] 
[33, 6, 11] 
[33, 6, 12] 
[33, 6, 13] 
[33, 6, 14] 
[33, 6, 15] 
[33, 7, 3] 
[33, 7, 4] 
[33, 7, 11] 
[33, 7, 12] 
[33, 7, 13] 
[33, 7, 14] 
[33, 7, 15] 
[33, 8, 3] 
[33, 8, 4] 
[33, 8, 11] 
[33, 8, 12] 
[33, 8, 13] 
[33, 8, 14] 
[33, 8, 15] 
[33, 9, 3] 
[33, 9, 4] 
[33, 9, 11] 
[33, 9, 12] 
[33, 9, 13] 
[33, 9, 14] 
[33, 9, 15] 
[33, 10, 3] 
[33, 10, 4] 
[33, 10, 11] 
[33, 10, 12] 
[33, 10, 13] 
[33, 10, 14] 
[33, 10, 15] 
[33, 11, 3] 
[33, 11, 4] 
[33, 11, 11] 
[33, 11, 12] 
[33, 11, 13] 
[33, 11, 14] 
[33, 11, 15] 
[33, 12, 3] 
[33, 12, 4] 
[33, 12, 11] 
[33, 12, 12] 
[33, 12, 13] 
[33, 12, 14] 
[33, 12, 15] 
