Sequences:
[100, 103, 104, 105, 106, 107, 108, 109, 110, 111, 112, 113, 114, 115, 116, 117, 118, 119, 120, 121, 122, 123, 124, 125, 126, 127, 128, 129, 130, 131, 132, 133, 134, 135, 136, 137, 138, 139, 140, 141, 142, 143, 144, 145, 146, 147, 148, 149, 150, 151, 152, 153, 154, 155, 156, 157, 158, 159, 160, 161, 162, 163, 164, 165, 166, 167, 168, 169, 170, 171, 172, 173, 174, 175, 176, 177, 178, 179, 180, 181, 182, 183, 184, 185, 186, 187, 188, 189, 190, 191, 192, 193, 194, 195, 196, 197, 198, 199, 200, 201, 202, 203, 204, 205, 206, 207, 208, 209, 210] 
[2] 
[3] 

Combinations:
[100, 2, 3] 
[103, 2, 3] 
[104, 2, 3] 
[105, 2, 3] 
[106, 2, 3] 
[107, 2, 3] 
[108, 2, 3] 
[109, 2, 3] 
[110, 2, 3] 
[111, 2, 3] 
[112, 2, 3] 
[113, 2, 3] 
[114, 2, 3] 
[115, 2, 3] 
[116, 2, 3] 
[117, 2, 3] 
[118, 2, 3] 
[119, 2, 3] 
[120, 2, 3] 
[121, 2, 3] 
[122, 2, 3] 
[123, 2, 3] 
[124, 2, 3] 
[125, 2, 3] 
[126, 2, 3] 
[127, 2, 3] 
[128, 2, 3] 
[129, 2, 3] 
[130, 2, 3] 
[131, 2, 3] 
[132, 2, 3] 
[133, 2, 3] 
[134, 2, 3] 
[135, 2, 3] 
[136, 2, 3] 
[137, 2, 3] 
[138, 2, 3] 
[139, 2, 3] 
[140, 2, 3] 
[141, 2, 3] 
[142, 2, 3] 
[143, 2, 3] 
[144, 2, 3] 
[145, 2, 3] 
[146, 2, 3] 
[147, 2, 3] 
[148, 2, 3] 
[149, 2, 3] 
[150, 2, 3] 
[151, 2, 3] 
[152, 2, 3] 
[153, 2, 3] 
[154, 2, 3] 
[155, 2, 3] 
[156, 2, 3] 
[157, 2, 3] 
[158, 2, 3] 
[159, 2, 3] 
[160, 2, 3] 
[161, 2, 3] 
[162, 2, 3] 
[163, 2, 3] 
[164, 2, 3] 
[165, 2, 3] 
[166, 2, 3] 
[167, 2, 3] 
[168, 2, 3] 
[169, 2, 3] 
[170, 2, 3] 
[171, 2, 3] 
[172, 2, 3] 
[173, 2, 3] 
[174, 2, 3] 
[175, 2, 3] 
[176, 2, 3] 
[177, 2, 3] 
[178, 2, 3] 
[179, 2, 3] 
[180, 2, 3] 
[181, 2, 3] 
[182, 2, 3] 
[183, 2, 3] 
[184, 2, 3] 
[185, 2, 3] 
[186, 2, 3] 
[187, 2, 3] 
[188, 2, 3] 
[189, 2, 3] 
[190, 2, 3] 
[191, 2, 3] 
[192, 2, 3] 
[193, 2, 3] 
[194, 2, 3] 
[195, 2, 3] 
[196, 2, 3] 
[197, 2, 3] 
[198, 2, 3] 
[199, 2, 3] 
[200, 2, 3] 
[201, 2, 3] 
[202, 2, 3] 
[203, 2, 3] 
[204, 2, 3] 
[205, 2, 3] 
[206, 2, 3] 
[207, 2, 3] 
[208, 2, 3] 
[209, 2, 3] 
[210, 2, 3] 
